76
911 4 2 55 2
888 1 5 70 1
453 2 4 86 0
902 8 5 50 5
888 9 1 47 4
888 4 1 40 3
562 6 2 26 5
534 3 2 36 4
888 5 3 44 4
422 2 5 40 0
888 6 3 47 0
242 2 0 98 5
97 7 3 33 1
593 1 0 94 0
449 7 0 85 5
354 4 3 18 1
257 3 4 73 4
888 2 2 57 5
453 6 5 9 0
757 3 4 62 1
888 3 5 65 4
888 1 3 11 2
683 1 0 44 5
435 3 3 55 5
797 5 5 63 0
354 5 2 20 4
929 7 0 41 0
435 4 3 21 1
435 5 1 37 1
272 4 5 46 5
888 5 3 14 1
607 6 2 4 4
435 5 0 79 4
435 7 5 79 2
345 8 3 60 3
137 7 0 32 3
435 1 0 63 1
435 4 1 6 3
179 4 2 57 1
354 8 3 83 0
534 3 2 33 3
139 6 4 9 0
84 2 3 35 2
543 4 3 59 5
902 7 5 98 3
435 3 1 14 3
435 8 4 42 1
857 6 4 59 4
888 4 3 14 3
46 7 5 69 3
345 2 4 41 0
256 7 2 33 5
610 8 2 52 1
888 1 5 26 5
251 4 0 68 1
543 6 4 36 0
888 4 5 88 5
127 8 1 45 4
345 5 2 30 4
487 9 2 69 0
241 7 4 5 4
179 6 0 51 5
575 4 2 51 2
830 3 5 96 1
523 6 1 25 0
534 6 0 23 2
319 4 1 96 2
317 8 1 55 3
389 5 2 79 5
311 5 0 91 5
345 8 5 45 5
543 2 1 34 4
345 9 5 29 3
888 7 1 57 5
453 5 3 11 4
601 6 2 64 4